beta.logitP[1] 1 1500
beta.logitP[2] 1501 3000
beta.logitP[3] 3001 4500
bU[1] 4501 6000
bU[10] 6001 7500
bU[11] 7501 9000
bU[12] 9001 10500
bU[13] 10501 12000
bU[14] 12001 13500
bU[15] 13501 15000
bU[16] 15001 16500
bU[17] 16501 18000
bU[18] 18001 19500
bU[19] 19501 21000
bU[2] 21001 22500
bU[20] 22501 24000
bU[21] 24001 25500
bU[22] 25501 27000
bU[23] 27001 28500
bU[24] 28501 30000
bU[25] 30001 31500
bU[26] 31501 33000
bU[27] 33001 34500
bU[28] 34501 36000
bU[29] 36001 37500
bU[3] 37501 39000
bU[30] 39001 40500
bU[31] 40501 42000
bU[32] 42001 43500
bU[33] 43501 45000
bU[34] 45001 46500
bU[35] 46501 48000
bU[36] 48001 49500
bU[37] 49501 51000
bU[38] 51001 52500
bU[39] 52501 54000
bU[4] 54001 55500
bU[40] 55501 57000
bU[41] 57001 58500
bU[42] 58501 60000
bU[43] 60001 61500
bU[44] 61501 63000
bU[45] 63001 64500
bU[46] 64501 66000
bU[47] 66001 67500
bU[48] 67501 69000
bU[49] 69001 70500
bU[5] 70501 72000
bU[50] 72001 73500
bU[51] 73501 75000
bU[52] 75001 76500
bU[53] 76501 78000
bU[54] 78001 79500
bU[55] 79501 81000
bU[6] 81001 82500
bU[7] 82501 84000
bU[8] 84001 85500
bU[9] 85501 87000
deviance 87001 88500
etaU[1] 88501 90000
etaU[10] 90001 91500
etaU[100] 91501 93000
etaU[101] 93001 94500
etaU[102] 94501 96000
etaU[103] 96001 97500
etaU[104] 97501 99000
etaU[105] 99001 100500
etaU[106] 100501 102000
etaU[107] 102001 103500
etaU[108] 103501 105000
etaU[109] 105001 106500
etaU[11] 106501 108000
etaU[110] 108001 109500
etaU[111] 109501 111000
etaU[112] 111001 112500
etaU[113] 112501 114000
etaU[114] 114001 115500
etaU[115] 115501 117000
etaU[116] 117001 118500
etaU[117] 118501 120000
etaU[118] 120001 121500
etaU[119] 121501 123000
etaU[12] 123001 124500
etaU[120] 124501 126000
etaU[121] 126001 127500
etaU[122] 127501 129000
etaU[123] 129001 130500
etaU[124] 130501 132000
etaU[125] 132001 133500
etaU[126] 133501 135000
etaU[127] 135001 136500
etaU[128] 136501 138000
etaU[129] 138001 139500
etaU[13] 139501 141000
etaU[130] 141001 142500
etaU[131] 142501 144000
etaU[132] 144001 145500
etaU[133] 145501 147000
etaU[134] 147001 148500
etaU[135] 148501 150000
etaU[136] 150001 151500
etaU[137] 151501 153000
etaU[138] 153001 154500
etaU[139] 154501 156000
etaU[14] 156001 157500
etaU[140] 157501 159000
etaU[141] 159001 160500
etaU[142] 160501 162000
etaU[143] 162001 163500
etaU[144] 163501 165000
etaU[145] 165001 166500
etaU[146] 166501 168000
etaU[147] 168001 169500
etaU[148] 169501 171000
etaU[149] 171001 172500
etaU[15] 172501 174000
etaU[150] 174001 175500
etaU[151] 175501 177000
etaU[152] 177001 178500
etaU[153] 178501 180000
etaU[154] 180001 181500
etaU[155] 181501 183000
etaU[156] 183001 184500
etaU[157] 184501 186000
etaU[158] 186001 187500
etaU[159] 187501 189000
etaU[16] 189001 190500
etaU[160] 190501 192000
etaU[161] 192001 193500
etaU[162] 193501 195000
etaU[163] 195001 196500
etaU[164] 196501 198000
etaU[165] 198001 199500
etaU[166] 199501 201000
etaU[167] 201001 202500
etaU[168] 202501 204000
etaU[169] 204001 205500
etaU[17] 205501 207000
etaU[170] 207001 208500
etaU[171] 208501 210000
etaU[172] 210001 211500
etaU[173] 211501 213000
etaU[174] 213001 214500
etaU[175] 214501 216000
etaU[176] 216001 217500
etaU[177] 217501 219000
etaU[178] 219001 220500
etaU[179] 220501 222000
etaU[18] 222001 223500
etaU[180] 223501 225000
etaU[181] 225001 226500
etaU[182] 226501 228000
etaU[183] 228001 229500
etaU[184] 229501 231000
etaU[185] 231001 232500
etaU[186] 232501 234000
etaU[187] 234001 235500
etaU[188] 235501 237000
etaU[189] 237001 238500
etaU[19] 238501 240000
etaU[190] 240001 241500
etaU[191] 241501 243000
etaU[192] 243001 244500
etaU[193] 244501 246000
etaU[194] 246001 247500
etaU[195] 247501 249000
etaU[196] 249001 250500
etaU[197] 250501 252000
etaU[198] 252001 253500
etaU[199] 253501 255000
etaU[2] 255001 256500
etaU[20] 256501 258000
etaU[200] 258001 259500
etaU[201] 259501 261000
etaU[202] 261001 262500
etaU[203] 262501 264000
etaU[204] 264001 265500
etaU[205] 265501 267000
etaU[206] 267001 268500
etaU[207] 268501 270000
etaU[208] 270001 271500
etaU[21] 271501 273000
etaU[22] 273001 274500
etaU[23] 274501 276000
etaU[24] 276001 277500
etaU[25] 277501 279000
etaU[26] 279001 280500
etaU[27] 280501 282000
etaU[28] 282001 283500
etaU[29] 283501 285000
etaU[3] 285001 286500
etaU[30] 286501 288000
etaU[31] 288001 289500
etaU[32] 289501 291000
etaU[33] 291001 292500
etaU[34] 292501 294000
etaU[35] 294001 295500
etaU[36] 295501 297000
etaU[37] 297001 298500
etaU[38] 298501 300000
etaU[39] 300001 301500
etaU[4] 301501 303000
etaU[40] 303001 304500
etaU[41] 304501 306000
etaU[42] 306001 307500
etaU[43] 307501 309000
etaU[44] 309001 310500
etaU[45] 310501 312000
etaU[46] 312001 313500
etaU[47] 313501 315000
etaU[48] 315001 316500
etaU[49] 316501 318000
etaU[5] 318001 319500
etaU[50] 319501 321000
etaU[51] 321001 322500
etaU[52] 322501 324000
etaU[53] 324001 325500
etaU[54] 325501 327000
etaU[55] 327001 328500
etaU[56] 328501 330000
etaU[57] 330001 331500
etaU[58] 331501 333000
etaU[59] 333001 334500
etaU[6] 334501 336000
etaU[60] 336001 337500
etaU[61] 337501 339000
etaU[62] 339001 340500
etaU[63] 340501 342000
etaU[64] 342001 343500
etaU[65] 343501 345000
etaU[66] 345001 346500
etaU[67] 346501 348000
etaU[68] 348001 349500
etaU[69] 349501 351000
etaU[7] 351001 352500
etaU[70] 352501 354000
etaU[71] 354001 355500
etaU[72] 355501 357000
etaU[73] 357001 358500
etaU[74] 358501 360000
etaU[75] 360001 361500
etaU[76] 361501 363000
etaU[77] 363001 364500
etaU[78] 364501 366000
etaU[79] 366001 367500
etaU[8] 367501 369000
etaU[80] 369001 370500
etaU[81] 370501 372000
etaU[82] 372001 373500
etaU[83] 373501 375000
etaU[84] 375001 376500
etaU[85] 376501 378000
etaU[86] 378001 379500
etaU[87] 379501 381000
etaU[88] 381001 382500
etaU[89] 382501 384000
etaU[9] 384001 385500
etaU[90] 385501 387000
etaU[91] 387001 388500
etaU[92] 388501 390000
etaU[93] 390001 391500
etaU[94] 391501 393000
etaU[95] 393001 394500
etaU[96] 394501 396000
etaU[97] 396001 397500
etaU[98] 397501 399000
etaU[99] 399001 400500
eU[1] 400501 402000
eU[10] 402001 403500
eU[100] 403501 405000
eU[101] 405001 406500
eU[102] 406501 408000
eU[103] 408001 409500
eU[104] 409501 411000
eU[105] 411001 412500
eU[106] 412501 414000
eU[107] 414001 415500
eU[108] 415501 417000
eU[109] 417001 418500
eU[11] 418501 420000
eU[110] 420001 421500
eU[111] 421501 423000
eU[112] 423001 424500
eU[113] 424501 426000
eU[114] 426001 427500
eU[115] 427501 429000
eU[116] 429001 430500
eU[117] 430501 432000
eU[118] 432001 433500
eU[119] 433501 435000
eU[12] 435001 436500
eU[120] 436501 438000
eU[121] 438001 439500
eU[122] 439501 441000
eU[123] 441001 442500
eU[124] 442501 444000
eU[125] 444001 445500
eU[126] 445501 447000
eU[127] 447001 448500
eU[128] 448501 450000
eU[129] 450001 451500
eU[13] 451501 453000
eU[130] 453001 454500
eU[131] 454501 456000
eU[132] 456001 457500
eU[133] 457501 459000
eU[134] 459001 460500
eU[135] 460501 462000
eU[136] 462001 463500
eU[137] 463501 465000
eU[138] 465001 466500
eU[139] 466501 468000
eU[14] 468001 469500
eU[140] 469501 471000
eU[141] 471001 472500
eU[142] 472501 474000
eU[143] 474001 475500
eU[144] 475501 477000
eU[145] 477001 478500
eU[146] 478501 480000
eU[147] 480001 481500
eU[148] 481501 483000
eU[149] 483001 484500
eU[15] 484501 486000
eU[150] 486001 487500
eU[151] 487501 489000
eU[152] 489001 490500
eU[153] 490501 492000
eU[154] 492001 493500
eU[155] 493501 495000
eU[156] 495001 496500
eU[157] 496501 498000
eU[158] 498001 499500
eU[159] 499501 501000
eU[16] 501001 502500
eU[160] 502501 504000
eU[161] 504001 505500
eU[162] 505501 507000
eU[163] 507001 508500
eU[164] 508501 510000
eU[165] 510001 511500
eU[166] 511501 513000
eU[167] 513001 514500
eU[168] 514501 516000
eU[169] 516001 517500
eU[17] 517501 519000
eU[170] 519001 520500
eU[171] 520501 522000
eU[172] 522001 523500
eU[173] 523501 525000
eU[174] 525001 526500
eU[175] 526501 528000
eU[176] 528001 529500
eU[177] 529501 531000
eU[178] 531001 532500
eU[179] 532501 534000
eU[18] 534001 535500
eU[180] 535501 537000
eU[181] 537001 538500
eU[182] 538501 540000
eU[183] 540001 541500
eU[184] 541501 543000
eU[185] 543001 544500
eU[186] 544501 546000
eU[187] 546001 547500
eU[188] 547501 549000
eU[189] 549001 550500
eU[19] 550501 552000
eU[190] 552001 553500
eU[191] 553501 555000
eU[192] 555001 556500
eU[193] 556501 558000
eU[194] 558001 559500
eU[195] 559501 561000
eU[196] 561001 562500
eU[197] 562501 564000
eU[198] 564001 565500
eU[199] 565501 567000
eU[2] 567001 568500
eU[20] 568501 570000
eU[200] 570001 571500
eU[201] 571501 573000
eU[202] 573001 574500
eU[203] 574501 576000
eU[204] 576001 577500
eU[205] 577501 579000
eU[206] 579001 580500
eU[207] 580501 582000
eU[208] 582001 583500
eU[21] 583501 585000
eU[22] 585001 586500
eU[23] 586501 588000
eU[24] 588001 589500
eU[25] 589501 591000
eU[26] 591001 592500
eU[27] 592501 594000
eU[28] 594001 595500
eU[29] 595501 597000
eU[3] 597001 598500
eU[30] 598501 600000
eU[31] 600001 601500
eU[32] 601501 603000
eU[33] 603001 604500
eU[34] 604501 606000
eU[35] 606001 607500
eU[36] 607501 609000
eU[37] 609001 610500
eU[38] 610501 612000
eU[39] 612001 613500
eU[4] 613501 615000
eU[40] 615001 616500
eU[41] 616501 618000
eU[42] 618001 619500
eU[43] 619501 621000
eU[44] 621001 622500
eU[45] 622501 624000
eU[46] 624001 625500
eU[47] 625501 627000
eU[48] 627001 628500
eU[49] 628501 630000
eU[5] 630001 631500
eU[50] 631501 633000
eU[51] 633001 634500
eU[52] 634501 636000
eU[53] 636001 637500
eU[54] 637501 639000
eU[55] 639001 640500
eU[56] 640501 642000
eU[57] 642001 643500
eU[58] 643501 645000
eU[59] 645001 646500
eU[6] 646501 648000
eU[60] 648001 649500
eU[61] 649501 651000
eU[62] 651001 652500
eU[63] 652501 654000
eU[64] 654001 655500
eU[65] 655501 657000
eU[66] 657001 658500
eU[67] 658501 660000
eU[68] 660001 661500
eU[69] 661501 663000
eU[7] 663001 664500
eU[70] 664501 666000
eU[71] 666001 667500
eU[72] 667501 669000
eU[73] 669001 670500
eU[74] 670501 672000
eU[75] 672001 673500
eU[76] 673501 675000
eU[77] 675001 676500
eU[78] 676501 678000
eU[79] 678001 679500
eU[8] 679501 681000
eU[80] 681001 682500
eU[81] 682501 684000
eU[82] 684001 685500
eU[83] 685501 687000
eU[84] 687001 688500
eU[85] 688501 690000
eU[86] 690001 691500
eU[87] 691501 693000
eU[88] 693001 694500
eU[89] 694501 696000
eU[9] 696001 697500
eU[90] 697501 699000
eU[91] 699001 700500
eU[92] 700501 702000
eU[93] 702001 703500
eU[94] 703501 705000
eU[95] 705001 706500
eU[96] 706501 708000
eU[97] 708001 709500
eU[98] 709501 711000
eU[99] 711001 712500
logitP[1] 712501 714000
logitP[10] 714001 715500
logitP[100] 715501 717000
logitP[101] 717001 718500
logitP[102] 718501 720000
logitP[103] 720001 721500
logitP[104] 721501 723000
logitP[105] 723001 724500
logitP[106] 724501 726000
logitP[107] 726001 727500
logitP[108] 727501 729000
logitP[109] 729001 730500
logitP[11] 730501 732000
logitP[110] 732001 733500
logitP[111] 733501 735000
logitP[112] 735001 736500
logitP[113] 736501 738000
logitP[114] 738001 739500
logitP[115] 739501 741000
logitP[116] 741001 742500
logitP[117] 742501 744000
logitP[118] 744001 745500
logitP[119] 745501 747000
logitP[12] 747001 748500
logitP[120] 748501 750000
logitP[121] 750001 751500
logitP[122] 751501 753000
logitP[123] 753001 754500
logitP[124] 754501 756000
logitP[125] 756001 757500
logitP[126] 757501 759000
logitP[127] 759001 760500
logitP[128] 760501 762000
logitP[129] 762001 763500
logitP[13] 763501 765000
logitP[130] 765001 766500
logitP[131] 766501 768000
logitP[132] 768001 769500
logitP[133] 769501 771000
logitP[134] 771001 772500
logitP[135] 772501 774000
logitP[136] 774001 775500
logitP[137] 775501 777000
logitP[138] 777001 778500
logitP[139] 778501 780000
logitP[14] 780001 781500
logitP[140] 781501 783000
logitP[141] 783001 784500
logitP[142] 784501 786000
logitP[143] 786001 787500
logitP[144] 787501 789000
logitP[145] 789001 790500
logitP[146] 790501 792000
logitP[147] 792001 793500
logitP[148] 793501 795000
logitP[149] 795001 796500
logitP[15] 796501 798000
logitP[150] 798001 799500
logitP[151] 799501 801000
logitP[152] 801001 802500
logitP[153] 802501 804000
logitP[154] 804001 805500
logitP[155] 805501 807000
logitP[156] 807001 808500
logitP[157] 808501 810000
logitP[158] 810001 811500
logitP[159] 811501 813000
logitP[16] 813001 814500
logitP[160] 814501 816000
logitP[161] 816001 817500
logitP[162] 817501 819000
logitP[163] 819001 820500
logitP[164] 820501 822000
logitP[165] 822001 823500
logitP[166] 823501 825000
logitP[167] 825001 826500
logitP[168] 826501 828000
logitP[169] 828001 829500
logitP[17] 829501 831000
logitP[170] 831001 832500
logitP[171] 832501 834000
logitP[172] 834001 835500
logitP[173] 835501 837000
logitP[174] 837001 838500
logitP[175] 838501 840000
logitP[176] 840001 841500
logitP[177] 841501 843000
logitP[178] 843001 844500
logitP[179] 844501 846000
logitP[18] 846001 847500
logitP[180] 847501 849000
logitP[181] 849001 850500
logitP[182] 850501 852000
logitP[183] 852001 853500
logitP[184] 853501 855000
logitP[185] 855001 856500
logitP[186] 856501 858000
logitP[187] 858001 859500
logitP[188] 859501 861000
logitP[189] 861001 862500
logitP[19] 862501 864000
logitP[190] 864001 865500
logitP[191] 865501 867000
logitP[192] 867001 868500
logitP[193] 868501 870000
logitP[194] 870001 871500
logitP[195] 871501 873000
logitP[196] 873001 874500
logitP[197] 874501 876000
logitP[198] 876001 877500
logitP[199] 877501 879000
logitP[2] 879001 880500
logitP[20] 880501 882000
logitP[200] 882001 883500
logitP[201] 883501 885000
logitP[202] 885001 886500
logitP[203] 886501 888000
logitP[204] 888001 889500
logitP[205] 889501 891000
logitP[206] 891001 892500
logitP[207] 892501 894000
logitP[208] 894001 895500
logitP[21] 895501 897000
logitP[22] 897001 898500
logitP[23] 898501 900000
logitP[24] 900001 901500
logitP[25] 901501 903000
logitP[26] 903001 904500
logitP[27] 904501 906000
logitP[28] 906001 907500
logitP[29] 907501 909000
logitP[3] 909001 910500
logitP[30] 910501 912000
logitP[31] 912001 913500
logitP[32] 913501 915000
logitP[33] 915001 916500
logitP[34] 916501 918000
logitP[35] 918001 919500
logitP[36] 919501 921000
logitP[37] 921001 922500
logitP[38] 922501 924000
logitP[39] 924001 925500
logitP[4] 925501 927000
logitP[40] 927001 928500
logitP[41] 928501 930000
logitP[42] 930001 931500
logitP[43] 931501 933000
logitP[44] 933001 934500
logitP[45] 934501 936000
logitP[46] 936001 937500
logitP[47] 937501 939000
logitP[48] 939001 940500
logitP[49] 940501 942000
logitP[5] 942001 943500
logitP[50] 943501 945000
logitP[51] 945001 946500
logitP[52] 946501 948000
logitP[53] 948001 949500
logitP[54] 949501 951000
logitP[55] 951001 952500
logitP[56] 952501 954000
logitP[57] 954001 955500
logitP[58] 955501 957000
logitP[59] 957001 958500
logitP[6] 958501 960000
logitP[60] 960001 961500
logitP[61] 961501 963000
logitP[62] 963001 964500
logitP[63] 964501 966000
logitP[64] 966001 967500
logitP[65] 967501 969000
logitP[66] 969001 970500
logitP[67] 970501 972000
logitP[68] 972001 973500
logitP[69] 973501 975000
logitP[7] 975001 976500
logitP[70] 976501 978000
logitP[71] 978001 979500
logitP[72] 979501 981000
logitP[73] 981001 982500
logitP[74] 982501 984000
logitP[75] 984001 985500
logitP[76] 985501 987000
logitP[77] 987001 988500
logitP[78] 988501 990000
logitP[79] 990001 991500
logitP[8] 991501 993000
logitP[80] 993001 994500
logitP[81] 994501 996000
logitP[82] 996001 997500
logitP[83] 997501 999000
logitP[84] 999001 1000500
logitP[85] 1000501 1002000
logitP[86] 1002001 1003500
logitP[87] 1003501 1005000
logitP[88] 1005001 1006500
logitP[89] 1006501 1008000
logitP[9] 1008001 1009500
logitP[90] 1009501 1011000
logitP[91] 1011001 1012500
logitP[92] 1012501 1014000
logitP[93] 1014001 1015500
logitP[94] 1015501 1017000
logitP[95] 1017001 1018500
logitP[96] 1018501 1020000
logitP[97] 1020001 1021500
logitP[98] 1021501 1023000
logitP[99] 1023001 1024500
logUne[1] 1024501 1026000
logUne[10] 1026001 1027500
logUne[100] 1027501 1029000
logUne[101] 1029001 1030500
logUne[102] 1030501 1032000
logUne[103] 1032001 1033500
logUne[104] 1033501 1035000
logUne[105] 1035001 1036500
logUne[106] 1036501 1038000
logUne[107] 1038001 1039500
logUne[108] 1039501 1041000
logUne[109] 1041001 1042500
logUne[11] 1042501 1044000
logUne[110] 1044001 1045500
logUne[111] 1045501 1047000
logUne[112] 1047001 1048500
logUne[113] 1048501 1050000
logUne[114] 1050001 1051500
logUne[115] 1051501 1053000
logUne[116] 1053001 1054500
logUne[117] 1054501 1056000
logUne[118] 1056001 1057500
logUne[119] 1057501 1059000
logUne[12] 1059001 1060500
logUne[120] 1060501 1062000
logUne[121] 1062001 1063500
logUne[122] 1063501 1065000
logUne[123] 1065001 1066500
logUne[124] 1066501 1068000
logUne[125] 1068001 1069500
logUne[126] 1069501 1071000
logUne[127] 1071001 1072500
logUne[128] 1072501 1074000
logUne[129] 1074001 1075500
logUne[13] 1075501 1077000
logUne[130] 1077001 1078500
logUne[131] 1078501 1080000
logUne[132] 1080001 1081500
logUne[133] 1081501 1083000
logUne[134] 1083001 1084500
logUne[135] 1084501 1086000
logUne[136] 1086001 1087500
logUne[137] 1087501 1089000
logUne[138] 1089001 1090500
logUne[139] 1090501 1092000
logUne[14] 1092001 1093500
logUne[140] 1093501 1095000
logUne[141] 1095001 1096500
logUne[142] 1096501 1098000
logUne[143] 1098001 1099500
logUne[144] 1099501 1101000
logUne[145] 1101001 1102500
logUne[146] 1102501 1104000
logUne[147] 1104001 1105500
logUne[148] 1105501 1107000
logUne[149] 1107001 1108500
logUne[15] 1108501 1110000
logUne[150] 1110001 1111500
logUne[151] 1111501 1113000
logUne[152] 1113001 1114500
logUne[153] 1114501 1116000
logUne[154] 1116001 1117500
logUne[155] 1117501 1119000
logUne[156] 1119001 1120500
logUne[157] 1120501 1122000
logUne[158] 1122001 1123500
logUne[159] 1123501 1125000
logUne[16] 1125001 1126500
logUne[160] 1126501 1128000
logUne[161] 1128001 1129500
logUne[162] 1129501 1131000
logUne[163] 1131001 1132500
logUne[164] 1132501 1134000
logUne[165] 1134001 1135500
logUne[166] 1135501 1137000
logUne[167] 1137001 1138500
logUne[168] 1138501 1140000
logUne[169] 1140001 1141500
logUne[17] 1141501 1143000
logUne[170] 1143001 1144500
logUne[171] 1144501 1146000
logUne[172] 1146001 1147500
logUne[173] 1147501 1149000
logUne[174] 1149001 1150500
logUne[175] 1150501 1152000
logUne[176] 1152001 1153500
logUne[177] 1153501 1155000
logUne[178] 1155001 1156500
logUne[179] 1156501 1158000
logUne[18] 1158001 1159500
logUne[180] 1159501 1161000
logUne[181] 1161001 1162500
logUne[182] 1162501 1164000
logUne[183] 1164001 1165500
logUne[184] 1165501 1167000
logUne[185] 1167001 1168500
logUne[186] 1168501 1170000
logUne[187] 1170001 1171500
logUne[188] 1171501 1173000
logUne[189] 1173001 1174500
logUne[19] 1174501 1176000
logUne[190] 1176001 1177500
logUne[191] 1177501 1179000
logUne[192] 1179001 1180500
logUne[193] 1180501 1182000
logUne[194] 1182001 1183500
logUne[195] 1183501 1185000
logUne[196] 1185001 1186500
logUne[197] 1186501 1188000
logUne[198] 1188001 1189500
logUne[199] 1189501 1191000
logUne[2] 1191001 1192500
logUne[20] 1192501 1194000
logUne[200] 1194001 1195500
logUne[201] 1195501 1197000
logUne[202] 1197001 1198500
logUne[203] 1198501 1200000
logUne[204] 1200001 1201500
logUne[205] 1201501 1203000
logUne[206] 1203001 1204500
logUne[207] 1204501 1206000
logUne[208] 1206001 1207500
logUne[21] 1207501 1209000
logUne[22] 1209001 1210500
logUne[23] 1210501 1212000
logUne[24] 1212001 1213500
logUne[25] 1213501 1215000
logUne[26] 1215001 1216500
logUne[27] 1216501 1218000
logUne[28] 1218001 1219500
logUne[29] 1219501 1221000
logUne[3] 1221001 1222500
logUne[30] 1222501 1224000
logUne[31] 1224001 1225500
logUne[32] 1225501 1227000
logUne[33] 1227001 1228500
logUne[34] 1228501 1230000
logUne[35] 1230001 1231500
logUne[36] 1231501 1233000
logUne[37] 1233001 1234500
logUne[38] 1234501 1236000
logUne[39] 1236001 1237500
logUne[4] 1237501 1239000
logUne[40] 1239001 1240500
logUne[41] 1240501 1242000
logUne[42] 1242001 1243500
logUne[43] 1243501 1245000
logUne[44] 1245001 1246500
logUne[45] 1246501 1248000
logUne[46] 1248001 1249500
logUne[47] 1249501 1251000
logUne[48] 1251001 1252500
logUne[49] 1252501 1254000
logUne[5] 1254001 1255500
logUne[50] 1255501 1257000
logUne[51] 1257001 1258500
logUne[52] 1258501 1260000
logUne[53] 1260001 1261500
logUne[54] 1261501 1263000
logUne[55] 1263001 1264500
logUne[56] 1264501 1266000
logUne[57] 1266001 1267500
logUne[58] 1267501 1269000
logUne[59] 1269001 1270500
logUne[6] 1270501 1272000
logUne[60] 1272001 1273500
logUne[61] 1273501 1275000
logUne[62] 1275001 1276500
logUne[63] 1276501 1278000
logUne[64] 1278001 1279500
logUne[65] 1279501 1281000
logUne[66] 1281001 1282500
logUne[67] 1282501 1284000
logUne[68] 1284001 1285500
logUne[69] 1285501 1287000
logUne[7] 1287001 1288500
logUne[70] 1288501 1290000
logUne[71] 1290001 1291500
logUne[72] 1291501 1293000
logUne[73] 1293001 1294500
logUne[74] 1294501 1296000
logUne[75] 1296001 1297500
logUne[76] 1297501 1299000
logUne[77] 1299001 1300500
logUne[78] 1300501 1302000
logUne[79] 1302001 1303500
logUne[8] 1303501 1305000
logUne[80] 1305001 1306500
logUne[81] 1306501 1308000
logUne[82] 1308001 1309500
logUne[83] 1309501 1311000
logUne[84] 1311001 1312500
logUne[85] 1312501 1314000
logUne[86] 1314001 1315500
logUne[87] 1315501 1317000
logUne[88] 1317001 1318500
logUne[89] 1318501 1320000
logUne[9] 1320001 1321500
logUne[90] 1321501 1323000
logUne[91] 1323001 1324500
logUne[92] 1324501 1326000
logUne[93] 1326001 1327500
logUne[94] 1327501 1329000
logUne[95] 1329001 1330500
logUne[96] 1330501 1332000
logUne[97] 1332001 1333500
logUne[98] 1333501 1335000
logUne[99] 1335001 1336500
m2[1] 1336501 1338000
m2[10] 1338001 1339500
m2[100] 1339501 1341000
m2[101] 1341001 1342500
m2[102] 1342501 1344000
m2[103] 1344001 1345500
m2[104] 1345501 1347000
m2[105] 1347001 1348500
m2[106] 1348501 1350000
m2[107] 1350001 1351500
m2[108] 1351501 1353000
m2[109] 1353001 1354500
m2[11] 1354501 1356000
m2[110] 1356001 1357500
m2[111] 1357501 1359000
m2[112] 1359001 1360500
m2[113] 1360501 1362000
m2[114] 1362001 1363500
m2[115] 1363501 1365000
m2[116] 1365001 1366500
m2[117] 1366501 1368000
m2[118] 1368001 1369500
m2[119] 1369501 1371000
m2[12] 1371001 1372500
m2[120] 1372501 1374000
m2[121] 1374001 1375500
m2[122] 1375501 1377000
m2[123] 1377001 1378500
m2[124] 1378501 1380000
m2[125] 1380001 1381500
m2[126] 1381501 1383000
m2[127] 1383001 1384500
m2[128] 1384501 1386000
m2[129] 1386001 1387500
m2[13] 1387501 1389000
m2[130] 1389001 1390500
m2[131] 1390501 1392000
m2[132] 1392001 1393500
m2[133] 1393501 1395000
m2[134] 1395001 1396500
m2[135] 1396501 1398000
m2[136] 1398001 1399500
m2[137] 1399501 1401000
m2[138] 1401001 1402500
m2[139] 1402501 1404000
m2[14] 1404001 1405500
m2[140] 1405501 1407000
m2[141] 1407001 1408500
m2[142] 1408501 1410000
m2[143] 1410001 1411500
m2[144] 1411501 1413000
m2[145] 1413001 1414500
m2[146] 1414501 1416000
m2[147] 1416001 1417500
m2[148] 1417501 1419000
m2[149] 1419001 1420500
m2[15] 1420501 1422000
m2[150] 1422001 1423500
m2[151] 1423501 1425000
m2[152] 1425001 1426500
m2[153] 1426501 1428000
m2[154] 1428001 1429500
m2[155] 1429501 1431000
m2[156] 1431001 1432500
m2[157] 1432501 1434000
m2[158] 1434001 1435500
m2[159] 1435501 1437000
m2[16] 1437001 1438500
m2[160] 1438501 1440000
m2[161] 1440001 1441500
m2[162] 1441501 1443000
m2[163] 1443001 1444500
m2[164] 1444501 1446000
m2[165] 1446001 1447500
m2[166] 1447501 1449000
m2[167] 1449001 1450500
m2[168] 1450501 1452000
m2[169] 1452001 1453500
m2[17] 1453501 1455000
m2[170] 1455001 1456500
m2[171] 1456501 1458000
m2[172] 1458001 1459500
m2[173] 1459501 1461000
m2[174] 1461001 1462500
m2[175] 1462501 1464000
m2[176] 1464001 1465500
m2[177] 1465501 1467000
m2[178] 1467001 1468500
m2[179] 1468501 1470000
m2[18] 1470001 1471500
m2[180] 1471501 1473000
m2[181] 1473001 1474500
m2[182] 1474501 1476000
m2[183] 1476001 1477500
m2[184] 1477501 1479000
m2[185] 1479001 1480500
m2[186] 1480501 1482000
m2[187] 1482001 1483500
m2[188] 1483501 1485000
m2[189] 1485001 1486500
m2[19] 1486501 1488000
m2[190] 1488001 1489500
m2[191] 1489501 1491000
m2[192] 1491001 1492500
m2[193] 1492501 1494000
m2[194] 1494001 1495500
m2[195] 1495501 1497000
m2[196] 1497001 1498500
m2[197] 1498501 1500000
m2[198] 1500001 1501500
m2[199] 1501501 1503000
m2[2] 1503001 1504500
m2[20] 1504501 1506000
m2[200] 1506001 1507500
m2[201] 1507501 1509000
m2[202] 1509001 1510500
m2[203] 1510501 1512000
m2[204] 1512001 1513500
m2[205] 1513501 1515000
m2[206] 1515001 1516500
m2[207] 1516501 1518000
m2[208] 1518001 1519500
m2[21] 1519501 1521000
m2[22] 1521001 1522500
m2[23] 1522501 1524000
m2[24] 1524001 1525500
m2[25] 1525501 1527000
m2[26] 1527001 1528500
m2[27] 1528501 1530000
m2[28] 1530001 1531500
m2[29] 1531501 1533000
m2[3] 1533001 1534500
m2[30] 1534501 1536000
m2[31] 1536001 1537500
m2[32] 1537501 1539000
m2[33] 1539001 1540500
m2[34] 1540501 1542000
m2[35] 1542001 1543500
m2[36] 1543501 1545000
m2[37] 1545001 1546500
m2[38] 1546501 1548000
m2[39] 1548001 1549500
m2[4] 1549501 1551000
m2[40] 1551001 1552500
m2[41] 1552501 1554000
m2[42] 1554001 1555500
m2[43] 1555501 1557000
m2[44] 1557001 1558500
m2[45] 1558501 1560000
m2[46] 1560001 1561500
m2[47] 1561501 1563000
m2[48] 1563001 1564500
m2[49] 1564501 1566000
m2[5] 1566001 1567500
m2[50] 1567501 1569000
m2[51] 1569001 1570500
m2[52] 1570501 1572000
m2[53] 1572001 1573500
m2[54] 1573501 1575000
m2[55] 1575001 1576500
m2[56] 1576501 1578000
m2[57] 1578001 1579500
m2[58] 1579501 1581000
m2[59] 1581001 1582500
m2[6] 1582501 1584000
m2[60] 1584001 1585500
m2[61] 1585501 1587000
m2[62] 1587001 1588500
m2[63] 1588501 1590000
m2[64] 1590001 1591500
m2[65] 1591501 1593000
m2[66] 1593001 1594500
m2[67] 1594501 1596000
m2[68] 1596001 1597500
m2[69] 1597501 1599000
m2[7] 1599001 1600500
m2[70] 1600501 1602000
m2[71] 1602001 1603500
m2[72] 1603501 1605000
m2[73] 1605001 1606500
m2[74] 1606501 1608000
m2[75] 1608001 1609500
m2[76] 1609501 1611000
m2[77] 1611001 1612500
m2[78] 1612501 1614000
m2[79] 1614001 1615500
m2[8] 1615501 1617000
m2[80] 1617001 1618500
m2[81] 1618501 1620000
m2[82] 1620001 1621500
m2[83] 1621501 1623000
m2[84] 1623001 1624500
m2[85] 1624501 1626000
m2[86] 1626001 1627500
m2[87] 1627501 1629000
m2[88] 1629001 1630500
m2[89] 1630501 1632000
m2[9] 1632001 1633500
m2[90] 1633501 1635000
m2[91] 1635001 1636500
m2[92] 1636501 1638000
m2[93] 1638001 1639500
m2[94] 1639501 1641000
m2[95] 1641001 1642500
m2[96] 1642501 1644000
m2[97] 1644001 1645500
m2[98] 1645501 1647000
m2[99] 1647001 1648500
Ntot 1648501 1650000
sigmaeU 1650001 1651500
sigmaP 1651501 1653000
sigmaU 1653001 1654500
taueU 1654501 1656000
tauP 1656001 1657500
tauU 1657501 1659000
U[1] 1659001 1660500
U[10] 1660501 1662000
U[100] 1662001 1663500
U[101] 1663501 1665000
U[102] 1665001 1666500
U[103] 1666501 1668000
U[104] 1668001 1669500
U[105] 1669501 1671000
U[106] 1671001 1672500
U[107] 1672501 1674000
U[108] 1674001 1675500
U[109] 1675501 1677000
U[11] 1677001 1678500
U[110] 1678501 1680000
U[111] 1680001 1681500
U[112] 1681501 1683000
U[113] 1683001 1684500
U[114] 1684501 1686000
U[115] 1686001 1687500
U[116] 1687501 1689000
U[117] 1689001 1690500
U[118] 1690501 1692000
U[119] 1692001 1693500
U[12] 1693501 1695000
U[120] 1695001 1696500
U[121] 1696501 1698000
U[122] 1698001 1699500
U[123] 1699501 1701000
U[124] 1701001 1702500
U[125] 1702501 1704000
U[126] 1704001 1705500
U[127] 1705501 1707000
U[128] 1707001 1708500
U[129] 1708501 1710000
U[13] 1710001 1711500
U[130] 1711501 1713000
U[131] 1713001 1714500
U[132] 1714501 1716000
U[133] 1716001 1717500
U[134] 1717501 1719000
U[135] 1719001 1720500
U[136] 1720501 1722000
U[137] 1722001 1723500
U[138] 1723501 1725000
U[139] 1725001 1726500
U[14] 1726501 1728000
U[140] 1728001 1729500
U[141] 1729501 1731000
U[142] 1731001 1732500
U[143] 1732501 1734000
U[144] 1734001 1735500
U[145] 1735501 1737000
U[146] 1737001 1738500
U[147] 1738501 1740000
U[148] 1740001 1741500
U[149] 1741501 1743000
U[15] 1743001 1744500
U[150] 1744501 1746000
U[151] 1746001 1747500
U[152] 1747501 1749000
U[153] 1749001 1750500
U[154] 1750501 1752000
U[155] 1752001 1753500
U[156] 1753501 1755000
U[157] 1755001 1756500
U[158] 1756501 1758000
U[159] 1758001 1759500
U[16] 1759501 1761000
U[160] 1761001 1762500
U[161] 1762501 1764000
U[162] 1764001 1765500
U[163] 1765501 1767000
U[164] 1767001 1768500
U[165] 1768501 1770000
U[166] 1770001 1771500
U[167] 1771501 1773000
U[168] 1773001 1774500
U[169] 1774501 1776000
U[17] 1776001 1777500
U[170] 1777501 1779000
U[171] 1779001 1780500
U[172] 1780501 1782000
U[173] 1782001 1783500
U[174] 1783501 1785000
U[175] 1785001 1786500
U[176] 1786501 1788000
U[177] 1788001 1789500
U[178] 1789501 1791000
U[179] 1791001 1792500
U[18] 1792501 1794000
U[180] 1794001 1795500
U[181] 1795501 1797000
U[182] 1797001 1798500
U[183] 1798501 1800000
U[184] 1800001 1801500
U[185] 1801501 1803000
U[186] 1803001 1804500
U[187] 1804501 1806000
U[188] 1806001 1807500
U[189] 1807501 1809000
U[19] 1809001 1810500
U[190] 1810501 1812000
U[191] 1812001 1813500
U[192] 1813501 1815000
U[193] 1815001 1816500
U[194] 1816501 1818000
U[195] 1818001 1819500
U[196] 1819501 1821000
U[197] 1821001 1822500
U[198] 1822501 1824000
U[199] 1824001 1825500
U[2] 1825501 1827000
U[20] 1827001 1828500
U[200] 1828501 1830000
U[201] 1830001 1831500
U[202] 1831501 1833000
U[203] 1833001 1834500
U[204] 1834501 1836000
U[205] 1836001 1837500
U[206] 1837501 1839000
U[207] 1839001 1840500
U[208] 1840501 1842000
U[21] 1842001 1843500
U[22] 1843501 1845000
U[23] 1845001 1846500
U[24] 1846501 1848000
U[25] 1848001 1849500
U[26] 1849501 1851000
U[27] 1851001 1852500
U[28] 1852501 1854000
U[29] 1854001 1855500
U[3] 1855501 1857000
U[30] 1857001 1858500
U[31] 1858501 1860000
U[32] 1860001 1861500
U[33] 1861501 1863000
U[34] 1863001 1864500
U[35] 1864501 1866000
U[36] 1866001 1867500
U[37] 1867501 1869000
U[38] 1869001 1870500
U[39] 1870501 1872000
U[4] 1872001 1873500
U[40] 1873501 1875000
U[41] 1875001 1876500
U[42] 1876501 1878000
U[43] 1878001 1879500
U[44] 1879501 1881000
U[45] 1881001 1882500
U[46] 1882501 1884000
U[47] 1884001 1885500
U[48] 1885501 1887000
U[49] 1887001 1888500
U[5] 1888501 1890000
U[50] 1890001 1891500
U[51] 1891501 1893000
U[52] 1893001 1894500
U[53] 1894501 1896000
U[54] 1896001 1897500
U[55] 1897501 1899000
U[56] 1899001 1900500
U[57] 1900501 1902000
U[58] 1902001 1903500
U[59] 1903501 1905000
U[6] 1905001 1906500
U[60] 1906501 1908000
U[61] 1908001 1909500
U[62] 1909501 1911000
U[63] 1911001 1912500
U[64] 1912501 1914000
U[65] 1914001 1915500
U[66] 1915501 1917000
U[67] 1917001 1918500
U[68] 1918501 1920000
U[69] 1920001 1921500
U[7] 1921501 1923000
U[70] 1923001 1924500
U[71] 1924501 1926000
U[72] 1926001 1927500
U[73] 1927501 1929000
U[74] 1929001 1930500
U[75] 1930501 1932000
U[76] 1932001 1933500
U[77] 1933501 1935000
U[78] 1935001 1936500
U[79] 1936501 1938000
U[8] 1938001 1939500
U[80] 1939501 1941000
U[81] 1941001 1942500
U[82] 1942501 1944000
U[83] 1944001 1945500
U[84] 1945501 1947000
U[85] 1947001 1948500
U[86] 1948501 1950000
U[87] 1950001 1951500
U[88] 1951501 1953000
U[89] 1953001 1954500
U[9] 1954501 1956000
U[90] 1956001 1957500
U[91] 1957501 1959000
U[92] 1959001 1960500
U[93] 1960501 1962000
U[94] 1962001 1963500
U[95] 1963501 1965000
U[96] 1965001 1966500
U[97] 1966501 1968000
U[98] 1968001 1969500
U[99] 1969501 1971000
Utot 1971001 1972500
