beta.logitP <-
c(-2.6346137392487612, -1.108656935058393, 0)
tauP <-
0.27481640990070416
bU <-
c(`SplineDesign[tmp1, ]1` = 9.5943324637024237, `SplineDesign[tmp1, ]2` = 10.754128409770304, 
`SplineDesign[tmp1, ]3` = 10.093177557881397, `SplineDesign[tmp1, ]4` = 11.615276007287713, 
`SplineDesign[tmp1, ]5` = 1.8344234135277693, `SplineDesign[tmp1, ]6` = 13.238862056951842, 
`SplineDesign[tmp1, ]7` = -2.1997650040464336, `SplineDesign[tmp1, ]8` = 16.94881615405172, 
`SplineDesign[tmp1, ]9` = 5.9081438620585844, `SplineDesign[tmp1, ]10` = 5.8540193009780195, 
`SplineDesign[tmp1, ]11` = 7.5988879436196495, `SplineDesign[tmp1, ]12` = 1.752822804552393, 
`SplineDesign[tmp1, ]13` = 6.9272055693001704, `SplineDesign[tmp1, ]14` = 9.8571116198553081, 
`SplineDesign[tmp1, ]15` = 0.61784579421845176, `SplineDesign[tmp1, ]16` = 10.287944939105547, 
`SplineDesign[tmp1, ]17` = 2.798922868933662, `SplineDesign[tmp1, ]18` = 9.5163925931298632, 
`SplineDesign[tmp1, ]19` = 1.4431047166562088, `SplineDesign[tmp1, ]20` = 9.552886750454249, 
`SplineDesign[tmp1, ]21` = 3.4521887426027922, `SplineDesign[tmp1, ]22` = 5.0452336363385006, 
`SplineDesign[tmp1, ]23` = 6.1604964625639154, `SplineDesign[tmp1, ]24` = 2.8317441785433068, 
`SplineDesign[tmp1, ]25` = 3.5762366705979369, `SplineDesign[tmp1, ]26` = 5.0598056923270782, 
`SplineDesign[tmp1, ]27` = 8.4756140907347444, `SplineDesign[tmp1, ]28` = 0.4591751099768891, 
`SplineDesign[tmp1, ]29` = 10.031378652562211, `SplineDesign[tmp1, ]30` = 3.5929481881019547, 
`SplineDesign[tmp1, ]31` = 4.9637011169460195, `SplineDesign[tmp1, ]32` = 10.003781467506935, 
`SplineDesign[tmp1, ]33` = 3.5751287003618124, `SplineDesign[tmp1, ]34` = 2.8576234446172046, 
`SplineDesign[tmp1, ]35` = 5.6256461146601646, `SplineDesign[tmp1, ]36` = 5.3251814995188829, 
`SplineDesign[tmp1, ]37` = 6.2731154240905695, `SplineDesign[tmp1, ]38` = 8.5498232233682891, 
`SplineDesign[tmp1, ]39` = 1.8167897956677674, `SplineDesign[tmp1, ]40` = 6.1348515312839638, 
`SplineDesign[tmp1, ]41` = 8.2017071097654899, `SplineDesign[tmp1, ]42` = 6.6842537665811754, 
`SplineDesign[tmp1, ]43` = 5.9871479052768199, `SplineDesign[tmp1, ]44` = 2.3104200933780947, 
`SplineDesign[tmp1, ]45` = 7.1748174422694717, `SplineDesign[tmp1, ]46` = 2.6400916860678572, 
`SplineDesign[tmp1, ]47` = 11.001578953783071, `SplineDesign[tmp1, ]48` = 2.1824919318286744, 
`SplineDesign[tmp1, ]49` = 4.7408608620044426, `SplineDesign[tmp1, ]50` = 5.1568154019823949, 
`SplineDesign[tmp1, ]51` = 5.2817414192205652, `SplineDesign[tmp1, ]52` = 7.3218345890163548, 
`SplineDesign[tmp1, ]53` = 10.179463307517253, `SplineDesign[tmp1, ]54` = 2.6284171925236648, 
`SplineDesign[tmp1, ]55` = 15.719211632788271)
tauU <-
0.0065088691295511827
taueU <-
0.12581859367386614
etaU <-
c(10.11476093127985, 10.362967248950531, 10.598083682861178, 
10.67164943690152, 10.103608096692797, 10.484137701868928, 10.379224713629624, 
11.019874269303402, 10.792674266718224, 10.586761149297775, 3.7612001156935624, 
3.7612001156935624, 3.7612001156935624, 10.306249009069978, 10.986630810300307, 
3.7612001156935624, 9.1514392640560214, 9.3766172316012817, 3.7612001156935624, 
3.7612001156935624, 3.7612001156935624, 3.7612001156935624, 10.460585888632798, 
10.701152393651311, 10.631470847931531, 10.672646249502169, 10.462903320468884, 
10.555343878678192, 10.580098764455974, 3.7612001156935624, 3.7612001156935624, 
10.214788490586542, 3.7612001156935624, 10.363377712622366, 3.7612001156935624, 
3.7612001156935624, 9.0961633269137838, 3.7612001156935624, 7.6629378504615353, 
3.7612001156935624, 3.7612001156935624, 3.7612001156935624, 3.7612001156935624, 
3.7612001156935624, 3.7612001156935624, 12.145047943692399, 12.501015792460159, 
3.7612001156935624, 3.7612001156935624, 12.403434691625556, 3.7612001156935624, 
3.7612001156935624, 3.7612001156935624, 3.7612001156935624, 3.7612001156935624, 
13.368770227643699, 3.7612001156935624, 3.7612001156935624, 11.498501944304504, 
3.7612001156935624, 3.7612001156935624, 3.7612001156935624, 11.197694036653205, 
3.7612001156935624, 11.598570909498722, 3.7612001156935624, 3.7612001156935624, 
3.7612001156935624, 3.7612001156935624, 3.7612001156935624, 11.280261740271859, 
3.7612001156935624, 11.499181447177969, 3.7612001156935624, 3.7612001156935624, 
3.7612001156935624, 3.7612001156935624, 11.342658953256786, 3.7612001156935624, 
3.7612001156935624, 3.7612001156935624, 3.7612001156935624, 3.7612001156935624, 
11.726963688315752, 3.7612001156935624, 3.7612001156935624, 3.7612001156935624, 
3.7612001156935624, 3.7612001156935624, 3.7612001156935624, 3.7612001156935624, 
3.7612001156935624, 3.7612001156935624, 3.7612001156935624, 3.7612001156935624, 
3.7612001156935624, 3.7612001156935624, 13.291962681784453, 3.7612001156935624, 
3.7612001156935624, 3.7612001156935624, 11.477567681089132, 3.7612001156935624, 
3.7612001156935624, 3.7612001156935624, 3.7612001156935624, 3.7612001156935624, 
3.7612001156935624, 10.999396189629923, 10.817315253638798, 3.7612001156935624, 
3.7612001156935624, 3.7612001156935624, 3.7612001156935624, 10.935568224058622, 
3.7612001156935624, 3.7612001156935624, 3.7612001156935624, 11.271146854486821, 
3.7612001156935624, 12.284514071836737, 3.7612001156935624, 10.868606543092206, 
3.7612001156935624, 3.7612001156935624, 3.7612001156935624, 3.7612001156935624, 
3.7612001156935624, 3.7612001156935624, 3.7612001156935624, 3.7612001156935624, 
3.7612001156935624, 3.7612001156935624, 10.19054442959399, 3.7612001156935624, 
3.7612001156935624, 3.7612001156935624, 10.803364309142028, 3.7612001156935624, 
3.7612001156935624, 9.8234156777705692, 3.7612001156935624, 11.336748988435987, 
3.7612001156935624, 8.6340869428877376, 3.7612001156935624, 8.3354314778807961, 
3.7612001156935624, 3.7612001156935624, 3.7612001156935624, 3.7612001156935624, 
3.7612001156935624, 3.7612001156935624, 11.216928922914363, 3.7612001156935624, 
11.698666169809838, 3.7612001156935624, 10.524547794201172, 3.7612001156935624, 
9.309914176872276, 3.7612001156935624, 10.010142230404668, 3.7612001156935624, 
10.319595820742773, 3.7612001156935624, 3.7612001156935624, 3.7612001156935624, 
3.7612001156935624, 3.7612001156935624, 3.7612001156935624, 3.7612001156935624, 
10.907624312981353, 3.7612001156935624, 3.7612001156935624, 3.7612001156935624, 
3.7612001156935624, 3.7612001156935624, 12.924080717203793, 3.7612001156935624, 
3.7612001156935624, 12.031254864857125, 3.7612001156935624, 10.752612314550426, 
3.7612001156935624, 3.7612001156935624, 3.7612001156935624, 3.7612001156935624, 
3.7612001156935624, 3.7612001156935624, 3.7612001156935624, 3.7612001156935624, 
11.365793430062114, 3.7612001156935624, 3.7612001156935624, 3.7612001156935624, 
3.7612001156935624, 3.7612001156935624, 11.766761156638179, 3.7612001156935624, 
12.310869502362207, 3.7612001156935624, 3.7612001156935624, 11.093021618159923, 
11.02765387128589, 3.7612001156935624, 10.776369613993261, 3.7612001156935624, 
9.3697344241264329)
epsilon <-
c(0.053937979604402386, 0.045078444362648185, 0.03683322817542134, 
0.031705710972891765, 0.070833035706785452, 0.049496795408035865, 
0.054356948556685936, 0.028114813000945205, 0.041130520712465923, 
0.049281759287179483, 0.041917518392549091, 0.041917518392549091, 
0.041917518392549091, 0.042796929212375545, 0.0097098978356395804, 
0.041917518392549091, 0.045970737918544557, 0.057785733431911623, 
0.041917518392549091, 0.041917518392549091, 0.041917518392549091, 
0.041917518392549091, 0.045168808582351616, 0.038109836210022507, 
0.036573357431196385, 0.03899604577033422, 0.048512753999068181, 
0.049878931386908576, 0.02876030627507653, 0.041917518392549091, 
0.041917518392549091, 0.046807936585306464, 0.041917518392549091, 
0.015934887986713164, 0.041917518392549091, 0.041917518392549091, 
0.015416247406010442, 0.041917518392549091, 0.016029020691291862, 
0.041917518392549091, 0.041917518392549091, 0.041917518392549091, 
0.041917518392549091, 0.041917518392549091, 0.041917518392549091, 
0.011632016202499429, 0.0075619530709616356, 0.041917518392549091, 
0.041917518392549091, 0.0054530105497505588, 0.041917518392549091, 
0.041917518392549091, 0.041917518392549091, 0.041917518392549091, 
0.041917518392549091, 0.0022957176528635159, 0.041917518392549091, 
0.041917518392549091, 0.0044326909866949649, 0.041917518392549091, 
0.041917518392549091, 0.041917518392549091, 0.0016340335191937783, 
0.041917518392549091, 0.0036556743360005584, 0.041917518392549091, 
0.041917518392549091, 0.041917518392549091, 0.041917518392549091, 
0.041917518392549091, 0.019291852718238189, 0.041917518392549091, 
0.016498481335135651, 0.041917518392549091, 0.041917518392549091, 
0.041917518392549091, 0.041917518392549091, 0.01941808585710092, 
0.041917518392549091, 0.041917518392549091, 0.041917518392549091, 
0.041917518392549091, 0.041917518392549091, 0.0068320975630324909, 
0.041917518392549091, 0.041917518392549091, 0.041917518392549091, 
0.041917518392549091, 0.041917518392549091, 0.041917518392549091, 
0.041917518392549091, 0.041917518392549091, 0.041917518392549091, 
0.041917518392549091, 0.041917518392549091, 0.041917518392549091, 
0.041917518392549091, 0.0023333740259730007, 0.041917518392549091, 
0.041917518392549091, 0.041917518392549091, 0.0010706028753126873, 
0.041917518392549091, 0.041917518392549091, 0.041917518392549091, 
0.041917518392549091, 0.041917518392549091, 0.041917518392549091, 
0.027745685373453455, 0.031607209103301059, 0.041917518392549091, 
0.041917518392549091, 0.041917518392549091, 0.041917518392549091, 
0.030956842479424651, 0.041917518392549091, 0.041917518392549091, 
0.041917518392549091, 0.014080490096352705, 0.041917518392549091, 
0.0041506137263151999, 0.041917518392549091, 0.0072871627770538794, 
0.041917518392549091, 0.041917518392549091, 0.041917518392549091, 
0.041917518392549091, 0.041917518392549091, 0.041917518392549091, 
0.041917518392549091, 0.041917518392549091, 0.041917518392549091, 
0.041917518392549091, 0.059450196888741758, 0.041917518392549091, 
0.041917518392549091, 0.041917518392549091, 0.034349245208346701, 
0.041917518392549091, 0.041917518392549091, 0.01185154658509191, 
0.041917518392549091, 0.0093913436757784297, 0.041917518392549091, 
0.0089366099664083265, 0.041917518392549091, 0.0093685260399087866, 
0.041917518392549091, 0.041917518392549091, 0.041917518392549091, 
0.041917518392549091, 0.041917518392549091, 0.041917518392549091, 
0.020446054854740936, 0.041917518392549091, 0.011656932985138369, 
0.041917518392549091, 0.026544803828505437, 0.041917518392549091, 
0.044520753926162726, 0.041917518392549091, 0.044369390011567589, 
0.041917518392549091, 0.031838423328752086, 0.041917518392549091, 
0.041917518392549091, 0.041917518392549091, 0.041917518392549091, 
0.041917518392549091, 0.041917518392549091, 0.041917518392549091, 
0.027783418486089673, 0.041917518392549091, 0.041917518392549091, 
0.041917518392549091, 0.041917518392549091, 0.041917518392549091, 
0.0035232905312057028, 0.041917518392549091, 0.041917518392549091, 
0.0016397531603367099, 0.041917518392549091, 0.0020554991820951329, 
0.041917518392549091, 0.041917518392549091, 0.041917518392549091, 
0.041917518392549091, 0.041917518392549091, 0.041917518392549091, 
0.041917518392549091, 0.041917518392549091, 0.017037360719205807, 
0.041917518392549091, 0.041917518392549091, 0.041917518392549091, 
0.041917518392549091, 0.041917518392549091, 0.011444719946732462, 
0.041917518392549091, 0.0044377963757913363, 0.041917518392549091, 
0.041917518392549091, 0.0034045094317356472, 0.0061339499245445239, 
0.041917518392549091, 0.0052164164693238035, 0.041917518392549091, 
0.0076259318674942733)
m2 <-
c(NA, NA, NA, NA, NA, NA, NA, NA, NA, NA, 1, 1, 1, NA, NA, 1, 
NA, NA, 1, 1, 1, 1, NA, NA, NA, NA, NA, NA, NA, 1, 1, NA, 1, 
NA, 1, 1, NA, 1, NA, 1, 1, 1, 1, 1, 1, NA, NA, 1, 1, NA, 1, 1, 
1, 1, 1, NA, 1, 1, NA, 1, 1, 1, NA, 1, NA, 1, 1, 1, 1, 1, NA, 
1, NA, 1, 1, 1, 1, NA, 1, 1, 1, 1, 1, NA, 1, 1, 1, 1, 1, 1, 1, 
1, 1, 1, 1, 1, 1, NA, 1, 1, 1, NA, 1, 1, 1, 1, 1, 1, NA, NA, 
1, 1, 1, 1, NA, 1, 1, 1, NA, 1, NA, 1, NA, 1, 1, 1, 1, 1, 1, 
1, 1, 1, 1, NA, 1, 1, 1, NA, 1, 1, NA, 1, NA, 1, NA, 1, NA, 1, 
1, 1, 1, 1, 1, NA, 1, NA, 1, NA, 1, NA, 1, NA, 1, NA, 1, 1, 1, 
1, 1, 1, 1, NA, 1, 1, 1, 1, 1, NA, 1, 1, NA, 1, NA, 1, 1, 1, 
1, 1, 1, 1, 1, NA, 1, 1, 1, 1, 1, NA, 1, NA, 1, 1, NA, NA, 1, 
NA, 1, NA)
.RNG.seed <-
300579
.RNG.name <-
"base::Wichmann-Hill"
