beta.logitP <-
c(-1.5582426816446175, -0.70925287245029256, 0)
tauP <-
0.75084095780808147
bU <-
c(`SplineDesign[tmp1, ]1` = 7.9837061304630517, `SplineDesign[tmp1, ]2` = 9.1455788824426829, 
`SplineDesign[tmp1, ]3` = 8.484586121646803, `SplineDesign[tmp1, ]4` = 9.9998552000865129, 
`SplineDesign[tmp1, ]5` = 0.28566336988960456, `SplineDesign[tmp1, ]6` = 11.604564013776312, 
`SplineDesign[tmp1, ]7` = -3.7230068663759894, `SplineDesign[tmp1, ]8` = 15.297775115571211, 
`SplineDesign[tmp1, ]9` = 4.3280788580616649, `SplineDesign[tmp1, ]10` = 4.278500703423215, 
`SplineDesign[tmp1, ]11` = 6.0020656408512201, `SplineDesign[tmp1, ]12` = 0.19743858976934031, 
`SplineDesign[tmp1, ]13` = 5.3481346483943133, `SplineDesign[tmp1, ]14` = 8.2599456695158722, 
`SplineDesign[tmp1, ]15` = -0.92900159629895163, `SplineDesign[tmp1, ]16` = 8.6912976426958934, 
`SplineDesign[tmp1, ]17` = 1.2370799376527335, `SplineDesign[tmp1, ]18` = 7.920379589870671, 
`SplineDesign[tmp1, ]19` = -0.10842148794449832, `SplineDesign[tmp1, ]20` = 7.955335377979659, 
`SplineDesign[tmp1, ]21` = 1.8893637786220934, `SplineDesign[tmp1, ]22` = 3.4741358141102237, 
`SplineDesign[tmp1, ]23` = 4.5822219670632398, `SplineDesign[tmp1, ]24` = 1.2744331823245048, 
`SplineDesign[tmp1, ]25` = 2.0106421872964426, `SplineDesign[tmp1, ]26` = 3.4934254059483116, 
`SplineDesign[tmp1, ]27` = 6.8825805653717689, `SplineDesign[tmp1, ]28` = -1.0838103859876076, 
`SplineDesign[tmp1, ]29` = 8.4273010298407822, `SplineDesign[tmp1, ]30` = 2.030656515249615, 
`SplineDesign[tmp1, ]31` = 3.3905881087291045, `SplineDesign[tmp1, ]32` = 8.405622245850763, 
`SplineDesign[tmp1, ]33` = 2.0096420279445528, `SplineDesign[tmp1, ]34` = 1.3011473369830839, 
`SplineDesign[tmp1, ]35` = 4.0481932330038477, `SplineDesign[tmp1, ]36` = 3.7498375461855504, 
`SplineDesign[tmp1, ]37` = 4.6953955754785026, `SplineDesign[tmp1, ]38` = 6.9461838076259097, 
`SplineDesign[tmp1, ]39` = 0.26341797858474952, `SplineDesign[tmp1, ]40` = 4.5576301386989044, 
`SplineDesign[tmp1, ]41` = 6.6115570420637741, `SplineDesign[tmp1, ]42` = 5.0943971692950569, 
`SplineDesign[tmp1, ]43` = 4.4098743839914016, `SplineDesign[tmp1, ]44` = 0.75627784995265535, 
`SplineDesign[tmp1, ]45` = 5.5870958679623852, `SplineDesign[tmp1, ]46` = 1.0873394453969132, 
`SplineDesign[tmp1, ]47` = 9.3949807530824589, `SplineDesign[tmp1, ]48` = 0.62643086949652294, 
`SplineDesign[tmp1, ]49` = 3.1719610733085313, `SplineDesign[tmp1, ]50` = 3.5839792879186541, 
`SplineDesign[tmp1, ]51` = 3.708703670189764, `SplineDesign[tmp1, ]52` = 5.741134197474512, 
`SplineDesign[tmp1, ]53` = 8.5693315397611389, `SplineDesign[tmp1, ]54` = 1.0785459788431953, 
`SplineDesign[tmp1, ]55` = 14.049705019561738)
tauU <-
0.0065946782567671948
taueU <-
0.13023916585280479
etaU <-
c(8.5053230188457505, 8.7535293365164311, 8.9886956967857081, 
9.0623042931487792, 8.4943338972701543, 8.8747277657668526, 8.7698178720526165, 
9.4105018468984678, 9.1832774524264931, 8.9773989781818617, 2.1972245773362196, 
2.1972245773362196, 2.1972245773362196, 8.6968445196543129, 9.3772098242112154, 
2.1972245773362196, 7.542213463193403, 7.7672639967573076, 2.1972245773362196, 
2.1972245773362196, 2.1972245773362196, 2.1972245773362196, 8.851233902846035, 
9.0917820358520469, 9.0220812225154745, 9.0632315069379707, 8.8535225606895391, 
8.9459841248278984, 8.9706862685349833, 2.1972245773362196, 2.1972245773362196, 
8.6053872021521531, 2.1972245773362196, 8.7540029334942613, 2.1972245773362196, 
2.1972245773362196, 7.4871736942137392, 2.1972245773362196, 6.0544393462693709, 
2.1972245773362196, 2.1972245773362196, 2.1972245773362196, 2.1972245773362196, 
2.1972245773362196, 2.1972245773362196, 10.535610031258299, 10.891577880026057, 
2.1972245773362196, 2.1972245773362196, 10.794009092516321, 2.1972245773362196, 
2.1972245773362196, 2.1972245773362196, 2.1972245773362196, 2.1972245773362196, 
11.759332315209599, 2.1972245773362196, 2.1972245773362196, 9.8890843222253846, 
2.1972245773362196, 2.1972245773362196, 2.1972245773362196, 9.588297240667746, 
2.1972245773362196, 9.9891605342742782, 2.1972245773362196, 2.1972245773362196, 
2.1972245773362196, 2.1972245773362196, 2.1972245773362196, 9.6708616858324259, 
2.1972245773362196, 9.889743534743868, 2.1972245773362196, 2.1972245773362196, 
2.1972245773362196, 2.1972245773362196, 9.7332328969603115, 2.1972245773362196, 
2.1972245773362196, 2.1972245773362196, 2.1972245773362196, 2.1972245773362196, 
10.117549995114146, 2.1972245773362196, 2.1972245773362196, 2.1972245773362196, 
2.1972245773362196, 2.1972245773362196, 2.1972245773362196, 2.1972245773362196, 
2.1972245773362196, 2.1972245773362196, 2.1972245773362196, 2.1972245773362196, 
2.1972245773362196, 2.1972245773362196, 11.682524769350353, 2.1972245773362196, 
2.1972245773362196, 2.1972245773362196, 9.8681712074085599, 2.1972245773362196, 
2.1972245773362196, 2.1972245773362196, 2.1972245773362196, 2.1972245773362196, 
2.1972245773362196, 9.3899917002142583, 9.2079374873598727, 2.1972245773362196, 
2.1972245773362196, 2.1972245773362196, 2.1972245773362196, 9.3261659374817736, 
2.1972245773362196, 2.1972245773362196, 2.1972245773362196, 9.6617344119727466, 
2.1972245773362196, 10.675076159402636, 2.1972245773362196, 9.2592257697059939, 
2.1972245773362196, 2.1972245773362196, 2.1972245773362196, 2.1972245773362196, 
2.1972245773362196, 2.1972245773362196, 2.1972245773362196, 2.1972245773362196, 
2.1972245773362196, 2.1972245773362196, 8.5811065171598901, 2.1972245773362196, 
2.1972245773362196, 2.1972245773362196, 9.1940077173552854, 2.1972245773362196, 
2.1972245773362196, 8.2141944148525639, 2.1972245773362196, 9.7273468548172541, 
2.1972245773362196, 7.0246490304536362, 2.1972245773362196, 6.7262334023587469, 
2.1972245773362196, 2.1972245773362196, 2.1972245773362196, 2.1972245773362196, 
2.1972245773362196, 2.1972245773362196, 9.6075044550449604, 2.1972245773362196, 
10.089261476380335, 2.1972245773362196, 8.9151636177621416, 2.1972245773362196, 
7.7007477945117984, 2.1972245773362196, 8.4008840690158539, 2.1972245773362196, 
8.7102898213781508, 2.1972245773362196, 2.1972245773362196, 2.1972245773362196, 
2.1972245773362196, 2.1972245773362196, 2.1972245773362196, 2.1972245773362196, 
9.2982596700140654, 2.1972245773362196, 2.1972245773362196, 2.1972245773362196, 
2.1972245773362196, 2.1972245773362196, 11.314645243380708, 2.1972245773362196, 
2.1972245773362196, 10.421834817700965, 2.1972245773362196, 9.1432385684354465, 
2.1972245773362196, 2.1972245773362196, 2.1972245773362196, 2.1972245773362196, 
2.1972245773362196, 2.1972245773362196, 2.1972245773362196, 2.1972245773362196, 
9.7563786874979161, 2.1972245773362196, 2.1972245773362196, 2.1972245773362196, 
2.1972245773362196, 2.1972245773362196, 10.157354276493178, 2.1972245773362196, 
10.701445097448419, 2.1972245773362196, 2.1972245773362196, 9.4836445764820088, 
9.4182484506476154, 2.1972245773362196, 9.1670152472378099, 2.1972245773362196, 
7.7604670292134204)
epsilon <-
c(0.30449882834700936, 0.24884259719237889, 0.19942016705096854, 
0.16968135800174977, 0.41841879118741332, 0.27636542987661628, 
0.30715382675933256, 0.14926356057391388, 0.22494140182515387, 
0.27500792044846278, 0.18941864063212766, 0.18941864063212766, 
0.18941864063212766, 0.23501303779054616, 0.049475381104430838, 
0.18941864063212766, 0.25432468204391423, 0.32959246389508934, 
0.18941864063212766, 0.18941864063212766, 0.18941864063212766, 
0.18941864063212766, 0.24947346934839665, 0.20699181476404149, 
0.19791609157065793, 0.21218771268630832, 0.27024530165524929, 
0.27876847964296836, 0.1528383714581647, 0.18941864063212766, 
0.18941864063212766, 0.25953260818959656, 0.18941864063212766, 
0.082297463982497376, 0.18941864063212766, 0.18941864063212766, 
0.079792112508711099, 0.18941864063212766, 0.0820749705348085, 
0.18941864063212766, 0.18941864063212766, 0.18941864063212766, 
0.18941864063212766, 0.18941864063212766, 0.18941864063212766, 
0.059562261151343776, 0.038386311271334961, 0.18941864063212766, 
0.18941864063212766, 0.027563820858885535, 0.18941864063212766, 
0.18941864063212766, 0.18941864063212766, 0.18941864063212766, 
0.18941864063212766, 0.011525906951446174, 0.18941864063212766, 
0.18941864063212766, 0.022343273497169136, 0.18941864063212766, 
0.18941864063212766, 0.18941864063212766, 0.008231207050048539, 
0.18941864063212766, 0.018421232969172863, 0.18941864063212766, 
0.18941864063212766, 0.18941864063212766, 0.18941864063212766, 
0.18941864063212766, 0.10044518802266822, 0.18941864063212766, 
0.085313923230460276, 0.18941864063212766, 0.18941864063212766, 
0.18941864063212766, 0.18941864063212766, 0.10110797300899499, 
0.18941864063212766, 0.18941864063212766, 0.18941864063212766, 
0.18941864063212766, 0.18941864063212766, 0.034648334125185087, 
0.18941864063212766, 0.18941864063212766, 0.18941864063212766, 
0.18941864063212766, 0.18941864063212766, 0.18941864063212766, 
0.18941864063212766, 0.18941864063212766, 0.18941864063212766, 
0.18941864063212766, 0.18941864063212766, 0.18941864063212766, 
0.18941864063212766, 0.011716820891772173, 0.18941864063212766, 
0.18941864063212766, 0.18941864063212766, 0.0053940484774432917, 
0.18941864063212766, 0.18941864063212766, 0.18941864063212766, 
0.18941864063212766, 0.18941864063212766, 0.18941864063212766, 
0.1471342948493497, 0.16906940074768428, 0.18941864063212766, 
0.18941864063212766, 0.18941864063212766, 0.18941864063212766, 
0.16537787954159278, 0.18941864063212766, 0.18941864063212766, 
0.18941864063212766, 0.072449442136436559, 0.18941864063212766, 
0.020927520105956887, 0.18941864063212766, 0.03702006997106011, 
0.18941864063212766, 0.18941864063212766, 0.18941864063212766, 
0.18941864063212766, 0.18941864063212766, 0.18941864063212766, 
0.18941864063212766, 0.18941864063212766, 0.18941864063212766, 
0.18941864063212766, 0.34046674738081428, 0.18941864063212766, 
0.18941864063212766, 0.18941864063212766, 0.18492257378727217, 
0.18941864063212766, 0.18941864063212766, 0.060815880289302626, 
0.18941864063212766, 0.047862598069725593, 0.18941864063212766, 
0.045503755384826761, 0.18941864063212766, 0.047105433047076595, 
0.18941864063212766, 0.18941864063212766, 0.18941864063212766, 
0.18941864063212766, 0.18941864063212766, 0.18941864063212766, 
0.10668067486656874, 0.18941864063212766, 0.059709484393563272, 
0.18941864063212766, 0.14032334317893458, 0.18941864063212766, 
0.24580024759329611, 0.18941864063212766, 0.24464246929742295, 
0.18941864063212766, 0.1705200757830081, 0.18941864063212766, 
0.18941864063212766, 0.18941864063212766, 0.18941864063212766, 
0.18941864063212766, 0.18941864063212766, 0.18941864063212766, 
0.14734766595444171, 0.18941864063212766, 0.18941864063212766, 
0.18941864063212766, 0.18941864063212766, 0.18941864063212766, 
0.017741872602080377, 0.18941864063212766, 0.18941864063212766, 
0.0082406498234632863, 0.18941864063212766, 0.010384175351109803, 
0.18941864063212766, 0.18941864063212766, 0.18941864063212766, 
0.18941864063212766, 0.18941864063212766, 0.18941864063212766, 
0.18941864063212766, 0.18941864063212766, 0.088261301552094551, 
0.18941864063212766, 0.18941864063212766, 0.18941864063212766, 
0.18941864063212766, 0.18941864063212766, 0.05858591247327638, 
0.18941864063212766, 0.022394033644461686, 0.18941864063212766, 
0.18941864063212766, 0.017179880858707364, 0.031058254664269924, 
0.18941864063212766, 0.026434274221946552, 0.18941864063212766, 
0.038861071537220404)
m2 <-
c(NA, NA, NA, NA, NA, NA, NA, NA, NA, NA, 1, 1, 1, NA, NA, 1, 
NA, NA, 1, 1, 1, 1, NA, NA, NA, NA, NA, NA, NA, 1, 1, NA, 1, 
NA, 1, 1, NA, 1, NA, 1, 1, 1, 1, 1, 1, NA, NA, 1, 1, NA, 1, 1, 
1, 1, 1, NA, 1, 1, NA, 1, 1, 1, NA, 1, NA, 1, 1, 1, 1, 1, NA, 
1, NA, 1, 1, 1, 1, NA, 1, 1, 1, 1, 1, NA, 1, 1, 1, 1, 1, 1, 1, 
1, 1, 1, 1, 1, 1, NA, 1, 1, 1, NA, 1, 1, 1, 1, 1, 1, NA, NA, 
1, 1, 1, 1, NA, 1, 1, 1, NA, 1, NA, 1, NA, 1, 1, 1, 1, 1, 1, 
1, 1, 1, 1, NA, 1, 1, 1, NA, 1, 1, NA, 1, NA, 1, NA, 1, NA, 1, 
1, 1, 1, 1, 1, NA, 1, NA, 1, NA, 1, NA, 1, NA, 1, NA, 1, 1, 1, 
1, 1, 1, 1, NA, 1, 1, 1, 1, 1, NA, 1, 1, NA, 1, NA, 1, 1, 1, 
1, 1, 1, 1, 1, NA, 1, 1, 1, 1, 1, NA, 1, NA, 1, 1, NA, NA, 1, 
NA, 1, NA)
.RNG.seed <-
62068
.RNG.name <-
"base::Wichmann-Hill"
